(92,57): (0.71, 0.71)
(93,57): (0.71, 0.71)
(94,57): (0.71, 0.71)
(95,57): (0.71, 0.71)
(96,57): (0.71, 0.71)
(97,57): (0.38, 0.92)
(98,57): (-0.00, 1.00)
(99,57): (0.71, 0.71)
(100,57): (0.71, 0.71)
(101,57): (0.71, 0.71)
(102,57): (0.71, 0.71)
(103,57): (0.71, 0.71)
(104,57): (0.71, 0.71)
(105,57): (0.71, 0.71)
(106,57): (0.38, 0.92)
(107,57): (-0.00, 1.00)
(108,57): (-0.38, 0.92)
(109,57): (-0.71, 0.71)
(110,57): (-0.71, 0.71)
(111,57): (-0.71, 0.71)
(112,57): (-0.71, 0.71)
(92,58): (0.71, 0.71)
(93,58): (0.71, 0.71)
(94,58): (0.71, 0.71)
(95,58): (0.71, 0.71)
(96,58): (0.71, 0.71)
(97,58): (0.38, 0.92)
(98,58): (-0.00, 1.00)
(99,58): (0.71, 0.71)
(100,58): (0.71, 0.71)
(101,58): (0.71, 0.71)
(102,58): (0.71, 0.71)
(103,58): (0.71, 0.71)
(104,58): (0.71, 0.71)
(105,58): (0.71, 0.71)
(106,58): (0.38, 0.92)
(107,58): (-0.00, 1.00)
(108,58): (-0.38, 0.92)
(109,58): (-0.71, 0.71)
(110,58): (-0.71, 0.71)
(111,58): (-0.71, 0.71)
(112,58): (-0.71, 0.71)
(92,59): (0.71, 0.71)
(93,59): (0.71, 0.71)
(94,59): (0.71, 0.71)
(95,59): (0.71, 0.71)
(96,59): (0.71, 0.71)
(97,59): (0.38, 0.92)
(98,59): (-0.00, 1.00)
(99,59): (0.71, 0.71)
(100,59): (0.71, 0.71)
(101,59): (0.71, 0.71)
(102,59): (0.71, 0.71)
(103,59): (0.71, 0.71)
(104,59): (0.71, 0.71)
(105,59): (0.71, 0.71)
(106,59): (0.38, 0.92)
(107,59): (-0.00, 1.00)
(108,59): (-0.38, 0.92)
(109,59): (-0.71, 0.71)
(110,59): (-0.71, 0.71)
(111,59): (-0.71, 0.71)
(112,59): (-0.71, 0.71)
(92,60): (0.71, 0.71)
(93,60): (0.71, 0.71)
(94,60): (0.71, 0.71)
(95,60): (0.71, 0.71)
(96,60): (0.71, 0.71)
(97,60): (0.38, 0.92)
(98,60): (-0.00, 1.00)
(99,60): (-0.38, 0.92)
(100,60): (0.71, 0.71)
(101,60): (0.71, 0.71)
(102,60): (0.71, 0.71)
(103,60): (0.71, 0.71)
(104,60): (0.71, 0.71)
(105,60): (0.71, 0.71)
(106,60): (0.38, 0.92)
(107,60): (-0.00, 1.00)
(108,60): (-0.38, 0.92)
(109,60): (-0.71, 0.71)
(110,60): (-0.71, 0.71)
(111,60): (-0.71, 0.71)
(112,60): (-0.71, 0.71)
(92,61): (0.71, 0.71)
(93,61): (0.71, 0.71)
(94,61): (0.71, 0.71)
(95,61): (0.71, 0.71)
(96,61): (0.71, 0.71)
(97,61): (0.38, 0.92)
(98,61): (-0.00, 1.00)
(99,61): (-0.38, 0.92)
(100,61): (0.71, 0.71)
(101,61): (0.71, 0.71)
(102,61): (0.71, 0.71)
(103,61): (0.71, 0.71)
(104,61): (0.71, 0.71)
(105,61): (0.71, 0.71)
(106,61): (0.38, 0.92)
(107,61): (-0.00, 1.00)
(108,61): (-0.38, 0.92)
(109,61): (-0.71, 0.71)
(110,61): (-0.71, 0.71)
(111,61): (-0.71, 0.71)
(112,61): (-0.71, 0.71)
(92,62): (0.71, 0.71)
(93,62): (0.71, 0.71)
(94,62): (0.71, 0.71)
(95,62): (0.71, 0.71)
(96,62): (0.71, 0.71)
(97,62): (0.38, 0.92)
(98,62): (-0.00, 1.00)
(99,62): (-0.38, 0.92)
(100,62): (-0.71, 0.71)
(101,62): (0.71, 0.71)
(102,62): (0.71, 0.71)
(103,62): (0.71, 0.71)
(104,62): (0.71, 0.71)
(105,62): (0.71, 0.71)
(106,62): (0.38, 0.92)
(107,62): (-0.00, 1.00)
(108,62): (-0.38, 0.92)
(109,62): (-0.71, 0.71)
(110,62): (-0.71, 0.71)
(111,62): (-0.71, 0.71)
(112,62): (-0.71, 0.71)
(92,63): (0.71, 0.71)
(93,63): (0.71, 0.71)
(94,63): (0.71, 0.71)
(95,63): (0.71, 0.71)
(96,63): (0.71, 0.71)
(97,63): (0.38, 0.92)
(98,63): (-0.00, 1.00)
(99,63): (-0.38, 0.92)
(100,63): (-0.71, 0.71)
(101,63): (0.71, 0.71)
(102,63): (0.71, 0.71)
(103,63): (0.71, 0.71)
(104,63): (0.71, 0.71)
(105,63): (0.71, 0.71)
(106,63): (0.38, 0.92)
(107,63): (-0.00, 1.00)
(108,63): (-0.38, 0.92)
(109,63): (-0.71, 0.71)
(110,63): (-0.71, 0.71)
(111,63): (-0.71, 0.71)
(112,63): (-0.71, 0.71)
(92,64): (0.71, 0.71)
(93,64): (0.71, 0.71)
(94,64): (0.71, 0.71)
(95,64): (0.71, 0.71)
(96,64): (0.71, 0.71)
(97,64): (0.38, 0.92)
(98,64): (-0.00, 1.00)
(99,64): (-0.38, 0.92)
(100,64): (-0.92, 0.38)
(101,64): (0.71, 0.71)
(102,64): (0.71, 0.71)
(103,64): (0.71, 0.71)
(104,64): (0.71, 0.71)
(105,64): (0.71, 0.71)
(106,64): (0.38, 0.92)
(107,64): (-0.00, 1.00)
(108,64): (-0.38, 0.92)
(109,64): (-0.71, 0.71)
(110,64): (-0.71, 0.71)
(111,64): (-0.71, 0.71)
(112,64): (-0.71, 0.71)
(92,65): (0.71, 0.71)
(93,65): (0.71, 0.71)
(94,65): (0.71, 0.71)
(95,65): (0.71, 0.71)
(96,65): (0.71, 0.71)
(97,65): (0.38, 0.92)
(98,65): (-0.00, 1.00)
(99,65): (-1.00, -0.00)
(100,65): (-0.38, 0.92)
(101,65): (-0.71, 0.71)
(102,65): (0.71, 0.71)
(103,65): (0.71, 0.71)
(104,65): (0.71, 0.71)
(105,65): (0.71, 0.71)
(106,65): (0.38, 0.92)
(107,65): (-0.00, 1.00)
(108,65): (-0.38, 0.92)
(109,65): (-0.71, 0.71)
(110,65): (-0.71, 0.71)
(111,65): (-0.71, 0.71)
(112,65): (-0.71, 0.71)
(92,66): (0.71, 0.71)
(93,66): (0.71, 0.71)
(94,66): (0.71, 0.71)
(95,66): (0.71, 0.71)
(96,66): (0.71, 0.71)
(97,66): (0.38, 0.92)
(98,66): (-0.00, 1.00) [WALL E]
(99,66): (-0.00, 1.00) [WALL W]
(100,66): (-0.38, 0.92)
(101,66): (-0.92, 0.38) [WALL E]
(102,66): (0.92, 0.38) [WALL W]
(103,66): (0.92, 0.38)
(104,66): (0.92, 0.38)
(105,66): (0.92, 0.38)
(106,66): (0.38, 0.92)
(107,66): (-0.00, 1.00)
(108,66): (-0.38, 0.92)
(109,66): (-0.71, 0.71)
(110,66): (-0.71, 0.71)
(111,66): (-0.71, 0.71)
(112,66): (-0.71, 0.71)
(92,67): (0.71, 0.71)
(93,67): (0.71, 0.71)
(94,67): (0.71, 0.71)
(95,67): (0.71, 0.71)
(96,67): (0.71, 0.71)
(97,67): (0.38, 0.92)
(98,67): (-0.00, 1.00) [WALL E]
(99,67): (-0.00, 1.00) [WALL W]
(100,67): (-1.00, -0.00) [WALL S]
(101,67): (-1.00, -0.00) [WALL S] [WALL E]
(102,67): (1.00, -0.00) [WALL W] [WALL S]
(103,67): (1.00, -0.00) [WALL S]
(104,67): (1.00, -0.00) [WALL S]
(105,67): (1.00, -0.00) [WALL S]
(106,67): (1.00, -0.00) [WALL S]
(107,67): (-0.00, 1.00)
(108,67): (-0.38, 0.92)
(109,67): (-0.71, 0.71)
(110,67): (-0.71, 0.71)
(111,67): (-0.71, 0.71)
(112,67): (-0.71, 0.71)
(92,68): (0.71, 0.71)
(93,68): (0.71, 0.71)
(94,68): (0.71, 0.71)
(95,68): (0.71, 0.71)
(96,68): (0.71, 0.71)
(97,68): (0.38, 0.92)
(98,68): (-0.00, 1.00) [WALL E]
(99,68): (-0.00, 1.00) [WALL W]
(100,68): (-1.00, -0.00) [WALL N] [WALL S]
(101,68): (-1.00, -0.00) [WALL N] [WALL S]
(102,68): (1.00, -0.00) [WALL N] [WALL S]
(103,68): (1.00, -0.00) [WALL N] [WALL S]
(104,68): (1.00, -0.00) [WALL N] [WALL S]
(105,68): (1.00, -0.00) [WALL N] [WALL S]
(106,68): (1.00, -0.00) [WALL N] [WALL S]
(107,68): (-0.38, 0.92)
(108,68): (-0.71, 0.71)
(109,68): (-0.71, 0.71)
(110,68): (-0.71, 0.71)
(111,68): (-0.71, 0.71)
(112,68): (-0.71, 0.71)
(92,69): (0.71, 0.71)
(93,69): (0.71, 0.71)
(94,69): (0.71, 0.71)
(95,69): (0.71, 0.71)
(96,69): (0.71, 0.71)
(97,69): (0.38, 0.92)
(98,69): (-0.00, 1.00) [WALL E]
(99,69): (1.00, -0.00) [WALL W] [WALL S]
(100,69): (-0.00, 1.00) [WALL N]
(101,69): (-1.00, -0.00) [WALL N] [WALL S] [WALL E]
(102,69): (0.71, 0.71) [WALL N] [WALL W]
(103,69): (0.00, 1.00) [WALL N]
(104,69): (-0.71, 0.71) [WALL N]
(105,69): (-0.92, 0.38) [WALL N]
(106,69): (-0.92, 0.38) [WALL N]
(107,69): (-0.92, 0.38)
(108,69): (-0.92, 0.38)
(109,69): (-0.92, 0.38)
(110,69): (-0.92, 0.38)
(111,69): (-0.92, 0.38)
(112,69): (-0.92, 0.38)
(92,70): (0.92, 0.38)
(93,70): (0.92, 0.38)
(94,70): (0.92, 0.38)
(95,70): (0.92, 0.38)
(96,70): (0.92, 0.38)
(97,70): (0.92, 0.38)
(98,70): (-0.00, 1.00) [WALL E]
(99,70): (-0.00, 1.00) [WALL N] [WALL W]
(100,70): (-1.00, -0.00) [WALL S]
(101,70): (-1.00, -0.00) [WALL N] [WALL S] [WALL E]
(102,70): (1.00, 0.00) [WALL W]
(103,70): (0.00, 0.00)
(104,70): (-1.00, 0.00)
(105,70): (-1.00, -0.00)
(106,70): (-1.00, -0.00)
(107,70): (-1.00, -0.00)
(108,70): (-1.00, -0.00)
(109,70): (-1.00, -0.00)
(110,70): (-1.00, -0.00)
(111,70): (-1.00, -0.00)
(112,70): (-1.00, -0.00)
(92,71): (1.00, -0.00)
(93,71): (1.00, -0.00)
(94,71): (1.00, -0.00)
(95,71): (1.00, -0.00)
(96,71): (1.00, -0.00)
(97,71): (1.00, -0.00)
(98,71): (1.00, -0.00)
(99,71): (1.00, -0.00)
(100,71): (1.00, -0.00) [WALL N]
(101,71): (0.92, -0.38) [WALL N]
(102,71): (0.71, -0.71)
(103,71): (0.00, -1.00)
(104,71): (-0.71, -0.71)
(105,71): (-0.92, -0.38)
(106,71): (-0.92, -0.38)
(107,71): (-0.92, -0.38)
(108,71): (-0.92, -0.38)
(109,71): (-0.92, -0.38)
(110,71): (-0.92, -0.38)
(111,71): (-0.92, -0.38)
(112,71): (-0.92, -0.38)
(92,72): (0.92, -0.38)
(93,72): (0.92, -0.38)
(94,72): (0.92, -0.38)
(95,72): (0.92, -0.38)
(96,72): (0.92, -0.38)
(97,72): (0.92, -0.38)
(98,72): (0.92, -0.38)
(99,72): (0.92, -0.38)
(100,72): (0.92, -0.38)
(101,72): (0.71, -0.71)
(102,72): (0.38, -0.92)
(103,72): (-0.00, -1.00)
(104,72): (-0.38, -0.92)
(105,72): (-0.71, -0.71)
(106,72): (-0.71, -0.71)
(107,72): (-0.71, -0.71)
(108,72): (-0.71, -0.71)
(109,72): (-0.71, -0.71)
(110,72): (-0.71, -0.71)
(111,72): (-0.71, -0.71)
(112,72): (-0.71, -0.71)
(92,73): (0.71, -0.71)
(93,73): (0.71, -0.71)
(94,73): (0.71, -0.71)
(95,73): (0.71, -0.71)
(96,73): (0.71, -0.71)
(97,73): (0.71, -0.71)
(98,73): (0.71, -0.71)
(99,73): (0.71, -0.71)
(100,73): (0.71, -0.71)
(101,73): (0.71, -0.71)
(102,73): (0.38, -0.92)
(103,73): (-0.00, -1.00)
(104,73): (-0.38, -0.92)
(105,73): (-0.71, -0.71)
(106,73): (-0.71, -0.71)
(107,73): (-0.71, -0.71)
(108,73): (-0.71, -0.71)
(109,73): (-0.71, -0.71)
(110,73): (-0.71, -0.71)
(111,73): (-0.71, -0.71)
(112,73): (-0.71, -0.71)
(92,74): (0.71, -0.71)
(93,74): (0.71, -0.71)
(94,74): (0.71, -0.71)
(95,74): (0.71, -0.71)
(96,74): (0.71, -0.71)
(97,74): (0.71, -0.71)
(98,74): (0.71, -0.71)
(99,74): (0.71, -0.71)
(100,74): (0.71, -0.71)
(101,74): (0.71, -0.71)
(102,74): (0.38, -0.92)
(103,74): (-0.00, -1.00)
(104,74): (-0.38, -0.92)
(105,74): (-0.71, -0.71)
(106,74): (-0.71, -0.71)
(107,74): (-0.71, -0.71)
(108,74): (-0.71, -0.71)
(109,74): (-0.71, -0.71)
(110,74): (-0.71, -0.71)
(111,74): (-0.71, -0.71)
(112,74): (-0.71, -0.71)
(92,75): (0.71, -0.71)
(93,75): (0.71, -0.71)
(94,75): (0.71, -0.71)
(95,75): (0.71, -0.71)
(96,75): (0.71, -0.71)
(97,75): (0.71, -0.71)
(98,75): (0.71, -0.71)
(99,75): (0.71, -0.71)
(100,75): (0.71, -0.71)
(101,75): (0.71, -0.71)
(102,75): (0.38, -0.92)
(103,75): (-0.00, -1.00)
(104,75): (-0.38, -0.92)
(105,75): (-0.71, -0.71)
(106,75): (-0.71, -0.71)
(107,75): (-0.71, -0.71)
(108,75): (-0.71, -0.71)
(109,75): (-0.71, -0.71)
(110,75): (-0.71, -0.71)
(111,75): (-0.71, -0.71)
(112,75): (-0.71, -0.71)
(92,76): (0.71, -0.71)
(93,76): (0.71, -0.71)
(94,76): (0.71, -0.71)
(95,76): (0.71, -0.71)
(96,76): (0.71, -0.71)
(97,76): (0.71, -0.71)
(98,76): (0.71, -0.71)
(99,76): (0.71, -0.71)
(100,76): (0.71, -0.71)
(101,76): (0.71, -0.71)
(102,76): (0.38, -0.92)
(103,76): (-0.00, -1.00)
(104,76): (-0.38, -0.92)
(105,76): (-0.71, -0.71)
(106,76): (-0.71, -0.71)
(107,76): (-0.71, -0.71)
(108,76): (-0.71, -0.71)
(109,76): (-0.71, -0.71)
(110,76): (-0.71, -0.71)
(111,76): (-0.71, -0.71)
(112,76): (-0.71, -0.71)
(92,77): (0.71, -0.71)
(93,77): (0.71, -0.71)
(94,77): (0.71, -0.71)
(95,77): (0.71, -0.71)
(96,77): (0.71, -0.71)
(97,77): (0.71, -0.71)
(98,77): (0.71, -0.71)
(99,77): (0.71, -0.71)
(100,77): (0.71, -0.71)
(101,77): (0.71, -0.71)
(102,77): (0.38, -0.92)
(103,77): (-0.00, -1.00)
(104,77): (-0.38, -0.92)
(105,77): (-0.71, -0.71)
(106,77): (-0.71, -0.71)
(107,77): (-0.71, -0.71)
(108,77): (-0.71, -0.71)
(109,77): (-0.71, -0.71)
(110,77): (-0.71, -0.71)
(111,77): (-0.71, -0.71)
(112,77): (-0.71, -0.71)
